-0.250585 0.335635 -0.908051 
-0.246921 0.338340 -0.908051 
-0.243228 0.341004 -0.908051 
-0.239505 0.343629 -0.908051 
-0.235755 0.346213 -0.908051 
-0.231977 0.348756 -0.908051 
-0.228171 0.351257 -0.908051 
-0.224338 0.353717 -0.908051 
-0.220479 0.356136 -0.908051 
-0.216594 0.358512 -0.908051 
-0.212683 0.360846 -0.908051 
-0.208747 0.363137 -0.908051 
-0.204786 0.365385 -0.908051 
-0.200802 0.367590 -0.908051 
-0.196793 0.369752 -0.908051 
-0.192761 0.371869 -0.908051 
-0.188707 0.373943 -0.908051 
-0.184630 0.375973 -0.908051 
-0.180532 0.377958 -0.908051 
-0.176412 0.379898 -0.908051 
-0.172271 0.381794 -0.908051 
-0.168110 0.383644 -0.908051 
-0.163930 0.385449 -0.908051 
-0.159729 0.387208 -0.908051 
-0.155511 0.388922 -0.908051 
-0.151273 0.390589 -0.908051 
-0.147018 0.392211 -0.908051 
-0.142746 0.393786 -0.908051 
-0.138457 0.395314 -0.908051 
-0.134151 0.396796 -0.908051 
-0.129830 0.398231 -0.908051 
-0.125493 0.399619 -0.908051 
-0.121142 0.400959 -0.908051 
-0.116777 0.402252 -0.908051 
-0.112398 0.403498 -0.908051 
-0.108005 0.404696 -0.908051 
-0.103600 0.405846 -0.908051 
-0.099183 0.406948 -0.908051 
-0.094754 0.408002 -0.908051 
-0.090314 0.409007 -0.908051 
-0.085863 0.409965 -0.908051 
-0.081403 0.410874 -0.908051 
-0.076933 0.411734 -0.908051 
-0.072454 0.412546 -0.908051 
-0.067966 0.413309 -0.908051 
-0.063471 0.414023 -0.908051 
-0.058968 0.414688 -0.908051 
-0.054458 0.415305 -0.908051 
-0.049942 0.415872 -0.908051 
-0.045421 0.416390 -0.908051 
-0.040894 0.416859 -0.908051 
-0.036362 0.417279 -0.908051 
-0.031826 0.417649 -0.908051 
-0.027287 0.417970 -0.908051 
-0.022744 0.418242 -0.908051 
-0.018199 0.418464 -0.908051 
-0.013652 0.418638 -0.908051 
-0.009103 0.418761 -0.908051 
-0.004554 0.418835 -0.908051 
-0.000004 0.418860 -0.908051 
0.004546 0.418835 -0.908051 
0.009095 0.418761 -0.908051 
0.013643 0.418638 -0.908051 
0.018189 0.418465 -0.908051 
0.022733 0.418243 -0.908051 
0.027274 0.417971 -0.908051 
0.031811 0.417650 -0.908051 
0.036345 0.417280 -0.908051 
0.040874 0.416861 -0.908051 
0.045398 0.416393 -0.908051 
0.049917 0.415875 -0.908051 
0.054430 0.415308 -0.908051 
0.058936 0.414693 -0.908051 
0.063435 0.414029 -0.908051 
0.067926 0.413316 -0.908051 
0.072409 0.412554 -0.908051 
0.076884 0.411743 -0.908051 
0.081349 0.410885 -0.908051 
0.085804 0.409977 -0.908051 
0.090250 0.409022 -0.908051 
0.094684 0.408018 -0.908051 
0.099107 0.406966 -0.908051 
0.103518 0.405867 -0.908051 
0.107917 0.404719 -0.908051 
0.112303 0.403524 -0.908051 
0.116675 0.402282 -0.908051 
0.121034 0.400992 -0.908051 
0.125378 0.399655 -0.908051 
0.129707 0.398271 -0.908051 
0.134020 0.396840 -0.908051 
0.138318 0.395363 -0.908051 
0.142599 0.393839 -0.908051 
0.146864 0.392269 -0.908051 
0.151110 0.390652 -0.908051 
0.155339 0.388990 -0.908051 
0.159550 0.387282 -0.908051 
0.163741 0.385529 -0.908051 
0.167913 0.383730 -0.908051 
0.172065 0.381887 -0.908051 
0.176196 0.379998 -0.908051 
0.180307 0.378065 -0.908051 
0.184396 0.376087 -0.908051 
0.188464 0.374066 -0.908051 
0.192508 0.372000 -0.908051 
0.196531 0.369891 -0.908051 
0.200530 0.367739 -0.908051 
0.204505 0.365543 -0.908051 
0.208455 0.363304 -0.908051 
0.212382 0.361023 -0.908051 
0.216283 0.358700 -0.908051 
0.220158 0.356334 -0.908051 
0.224007 0.353927 -0.908051 
0.227830 0.351479 -0.908051 
0.231626 0.348989 -0.908051 
0.235395 0.346458 -0.908051 
0.239135 0.343887 -0.908051 
0.242848 0.341275 -0.908051 
0.246531 0.338624 -0.908051 
0.250186 0.335933 -0.908051 
0.253811 0.333202 -0.908051 
0.257406 0.330433 -0.908051 
0.260970 0.327625 -0.908051 
0.264504 0.324779 -0.908051 
0.268007 0.321895 -0.908051 
0.271478 0.318973 -0.908051 
0.274917 0.316014 -0.908051 
0.278323 0.313018 -0.908051 
0.281697 0.309985 -0.908051 
0.285037 0.306916 -0.908051 
0.288344 0.303811 -0.908051 
0.291617 0.300671 -0.908051 
0.294855 0.297496 -0.908051 
0.298059 0.294286 -0.908051 
0.301228 0.291042 -0.908051 
0.304361 0.287764 -0.908051 
0.307458 0.284452 -0.908051 
0.310519 0.281107 -0.908051 
0.313544 0.277730 -0.908051 
0.316532 0.274320 -0.908051 
0.319482 0.270878 -0.908051 
0.322395 0.267404 -0.908051 
0.325270 0.263900 -0.908051 
0.328107 0.260365 -0.908051 
0.330905 0.256799 -0.908051 
0.333664 0.253203 -0.908051 
0.336384 0.249578 -0.908051 
0.339065 0.245924 -0.908051 
0.341705 0.242242 -0.908051 
0.344306 0.238531 -0.908051 
0.346866 0.234793 -0.908051 
0.349386 0.231027 -0.908051 
0.351864 0.227235 -0.908051 
0.354301 0.223416 -0.908051 
0.356697 0.219571 -0.908051 
0.359050 0.215701 -0.908051 
0.361362 0.211805 -0.908051 
0.363631 0.207885 -0.908051 
0.365857 0.203941 -0.908051 
0.368041 0.199974 -0.908051 
0.370182 0.195983 -0.908051 
0.372279 0.191969 -0.908051 
0.374332 0.187934 -0.908051 
0.376342 0.183876 -0.908051 
0.378308 0.179798 -0.908051 
0.380229 0.175698 -0.908051 
0.382106 0.171578 -0.908051 
0.383938 0.167439 -0.908051 
0.385725 0.163280 -0.908051 
0.387467 0.159102 -0.908051 
0.389163 0.154905 -0.908051 
0.390814 0.150691 -0.908051 
0.392420 0.146460 -0.908051 
0.393979 0.142212 -0.908051 
0.395493 0.137947 -0.908051 
0.396960 0.133666 -0.908051 
0.398381 0.129370 -0.908051 
0.399755 0.125059 -0.908051 
0.401082 0.120734 -0.908051 
0.402363 0.116395 -0.908051 
0.403597 0.112043 -0.908051 
0.404783 0.107677 -0.908051 
0.405922 0.103300 -0.908051 
0.407014 0.098910 -0.908051 
0.408058 0.094509 -0.908051 
0.409055 0.090098 -0.908051 
0.410004 0.085676 -0.908051 
0.410905 0.081244 -0.908051 
0.411758 0.076803 -0.908051 
0.412564 0.072354 -0.908051 
0.413321 0.067896 -0.908051 
0.414029 0.063430 -0.908051 
0.414690 0.058957 -0.908051 
0.415302 0.054478 -0.908051 
0.415866 0.049992 -0.908051 
0.416381 0.045501 -0.908051 
0.416848 0.041005 -0.908051 
0.417266 0.036504 -0.908051 
0.417636 0.031999 -0.908051 
0.417957 0.027491 -0.908051 
0.418229 0.022979 -0.908051 
0.418453 0.018466 -0.908051 
0.418628 0.013950 -0.908051 
0.418754 0.009433 -0.908051 
0.418831 0.004914 -0.908051 
0.418860 0.000396 -0.908051 
0.418840 -0.004123 -0.908051 
0.418771 -0.008640 -0.908051 
0.418653 -0.013157 -0.908051 
0.418487 -0.017672 -0.908051 
0.418272 -0.022184 -0.908051 
0.418009 -0.026694 -0.908051 
0.417696 -0.031200 -0.908051 
0.417336 -0.035703 -0.908051 
0.416926 -0.040201 -0.908051 
0.416469 -0.044695 -0.908051 
0.415962 -0.049183 -0.908051 
0.415408 -0.053665 -0.908051 
0.414805 -0.058141 -0.908051 
0.414154 -0.062610 -0.908051 
0.413455 -0.067071 -0.908051 
0.412708 -0.071525 -0.908051 
0.411913 -0.075970 -0.908051 
0.411070 -0.080406 -0.908051 
0.410179 -0.084832 -0.908051 
0.409241 -0.089249 -0.908051 
0.408255 -0.093655 -0.908051 
0.407222 -0.098050 -0.908051 
0.406142 -0.102433 -0.908051 
0.405014 -0.106805 -0.908051 
0.403840 -0.111163 -0.908051 
0.402618 -0.115509 -0.908051 
0.401350 -0.119841 -0.908051 
0.400035 -0.124159 -0.908051 
0.398674 -0.128463 -0.908051 
0.397267 -0.132751 -0.908051 
0.395813 -0.137024 -0.908051 
0.394314 -0.141281 -0.908051 
0.392769 -0.145522 -0.908051 
0.391178 -0.149745 -0.908051 
0.389542 -0.153951 -0.908051 
0.387861 -0.158139 -0.908051 
0.386134 -0.162308 -0.908051 
0.384363 -0.166459 -0.908051 
0.382548 -0.170590 -0.908051 
0.380688 -0.174701 -0.908051 
0.378784 -0.178792 -0.908051 
0.376836 -0.182862 -0.908051 
0.374844 -0.186910 -0.908051 
0.372809 -0.190937 -0.908051 
0.370731 -0.194942 -0.908051 
0.368610 -0.198924 -0.908051 
0.366446 -0.202882 -0.908051 
0.364239 -0.206817 -0.908051 
0.361991 -0.210728 -0.908051 
0.359700 -0.214615 -0.908051 
0.357368 -0.218476 -0.908051 
0.354994 -0.222312 -0.908051 
0.352580 -0.226122 -0.908051 
0.350124 -0.229906 -0.908051 
0.347628 -0.233664 -0.908051 
0.345091 -0.237394 -0.908051 
0.342515 -0.241096 -0.908051 
0.339899 -0.244770 -0.908051 
0.337243 -0.248416 -0.908051 
0.334549 -0.252033 -0.908051 
0.331815 -0.255621 -0.908051 
0.329044 -0.259179 -0.908051 
0.326234 -0.262707 -0.908051 
0.323386 -0.266205 -0.908051 
0.320501 -0.269671 -0.908051 
0.317579 -0.273107 -0.908051 
0.314620 -0.276510 -0.908051 
0.311625 -0.279882 -0.908051 
0.308593 -0.283221 -0.908051 
0.305526 -0.286527 -0.908051 
0.302423 -0.289800 -0.908051 
0.299285 -0.293039 -0.908051 
0.296113 -0.296244 -0.908051 
0.292906 -0.299415 -0.908051 
0.289666 -0.302552 -0.908051 
0.286392 -0.305653 -0.908051 
0.283084 -0.308718 -0.908051 
0.279744 -0.311748 -0.908051 
0.276372 -0.314742 -0.908051 
0.272967 -0.317699 -0.908051 
0.269531 -0.320619 -0.908051 
0.266064 -0.323503 -0.908051 
0.262565 -0.326348 -0.908051 
0.259037 -0.329156 -0.908051 
0.255478 -0.331926 -0.908051 
0.251890 -0.334657 -0.908051 
0.248272 -0.337350 -0.908051 
0.244626 -0.340003 -0.908051 
0.240951 -0.342617 -0.908051 
0.237249 -0.345191 -0.908051 
0.233519 -0.347725 -0.908051 
0.229761 -0.350219 -0.908051 
0.225978 -0.352672 -0.908051 
0.222168 -0.355085 -0.908051 
0.218332 -0.357456 -0.908051 
0.214471 -0.359786 -0.908051 
0.210585 -0.362074 -0.908051 
0.206674 -0.364321 -0.908051 
0.202740 -0.366525 -0.908051 
0.198782 -0.368686 -0.908051 
0.194801 -0.370805 -0.908051 
0.190797 -0.372881 -0.908051 
0.186772 -0.374913 -0.908051 
0.182724 -0.376903 -0.908051 
0.178655 -0.378848 -0.908051 
0.174566 -0.380750 -0.908051 
0.170456 -0.382607 -0.908051 
0.166327 -0.384421 -0.908051 
0.162178 -0.386189 -0.908051 
0.158010 -0.387913 -0.908051 
0.153824 -0.389592 -0.908051 
0.149620 -0.391226 -0.908051 
0.145399 -0.392814 -0.908051 
0.141160 -0.394357 -0.908051 
0.136906 -0.395854 -0.908051 
0.132635 -0.397306 -0.908051 
0.128349 -0.398711 -0.908051 
0.124048 -0.400070 -0.908051 
0.119732 -0.401383 -0.908051 
0.115402 -0.402649 -0.908051 
0.111059 -0.403868 -0.908051 
0.106703 -0.405041 -0.908051 
0.102335 -0.406167 -0.908051 
0.097955 -0.407245 -0.908051 
0.093563 -0.408277 -0.908051 
0.089160 -0.409261 -0.908051 
0.084747 -0.410197 -0.908051 
0.080323 -0.411086 -0.908051 
0.075891 -0.411928 -0.908051 
0.071449 -0.412721 -0.908051 
0.066999 -0.413467 -0.908051 
0.062541 -0.414165 -0.908051 
0.058076 -0.414814 -0.908051 
0.053604 -0.415416 -0.908051 
0.049126 -0.415969 -0.908051 
0.044642 -0.416474 -0.908051 
0.040152 -0.416931 -0.908051 
0.035658 -0.417339 -0.908051 
0.031159 -0.417699 -0.908051 
0.026657 -0.418011 -0.908051 
0.022152 -0.418274 -0.908051 
0.017643 -0.418488 -0.908051 
0.013133 -0.418654 -0.908051 
0.008621 -0.418771 -0.908051 
0.004108 -0.418840 -0.908051 
-0.000406 -0.418860 -0.908051 
-0.004920 -0.418831 -0.908051 
-0.009434 -0.418754 -0.908051 
-0.013946 -0.418628 -0.908051 
-0.018457 -0.418453 -0.908051 
-0.022967 -0.418230 -0.908051 
-0.027473 -0.417958 -0.908051 
-0.031977 -0.417638 -0.908051 
-0.036477 -0.417269 -0.908051 
-0.040973 -0.416851 -0.908051 
-0.045464 -0.416385 -0.908051 
-0.049950 -0.415871 -0.908051 
-0.054431 -0.415308 -0.908051 
-0.058905 -0.414697 -0.908051 
-0.063373 -0.414038 -0.908051 
-0.067833 -0.413331 -0.908051 
-0.072286 -0.412575 -0.908051 
-0.076731 -0.411772 -0.908051 
-0.081167 -0.410921 -0.908051 
-0.085593 -0.410021 -0.908051 
-0.090010 -0.409075 -0.908051 
-0.094416 -0.408080 -0.908051 
-0.098812 -0.407038 -0.908051 
-0.103197 -0.405949 -0.908051 
-0.107569 -0.404812 -0.908051 
-0.111929 -0.403628 -0.908051 
-0.116277 -0.402397 -0.908051 
-0.120611 -0.401119 -0.908051 
-0.124931 -0.399795 -0.908051 
-0.129237 -0.398424 -0.908051 
-0.133528 -0.397006 -0.908051 
-0.137804 -0.395543 -0.908051 
-0.142063 -0.394033 -0.908051 
-0.146307 -0.392477 -0.908051 
-0.150533 -0.390875 -0.908051 
-0.154743 -0.389228 -0.908051 
-0.158934 -0.387535 -0.908051 
-0.163107 -0.385798 -0.908051 
-0.167261 -0.384015 -0.908051 
-0.171396 -0.382187 -0.908051 
-0.175512 -0.380315 -0.908051 
-0.179607 -0.378398 -0.908051 
-0.183681 -0.376437 -0.908051 
-0.187734 -0.374433 -0.908051 
-0.191765 -0.372384 -0.908051 
-0.195774 -0.370292 -0.908051 
-0.199761 -0.368157 -0.908051 
-0.203724 -0.365978 -0.908051 
-0.207664 -0.363757 -0.908051 
-0.211580 -0.361493 -0.908051 
-0.215472 -0.359188 -0.908051 
-0.219338 -0.356840 -0.908051 
-0.223179 -0.354450 -0.908051 
-0.226994 -0.352019 -0.908051 
-0.230783 -0.349547 -0.908051 
-0.234546 -0.347033 -0.908051 
-0.238281 -0.344479 -0.908051 
-0.241988 -0.341885 -0.908051 
-0.245667 -0.339251 -0.908051 
-0.249318 -0.336577 -0.908051 
-0.252940 -0.333864 -0.908051 
-0.256533 -0.331111 -0.908051 
-0.260096 -0.328320 -0.908051 
-0.263628 -0.325490 -0.908051 
-0.267130 -0.322622 -0.908051 
-0.270601 -0.319717 -0.908051 
-0.274041 -0.316773 -0.908051 
-0.277449 -0.313793 -0.908051 
-0.280824 -0.310776 -0.908051 
-0.284167 -0.307722 -0.908051 
-0.287477 -0.304632 -0.908051 
-0.290753 -0.301506 -0.908051 
-0.293996 -0.298345 -0.908051 
-0.297205 -0.295149 -0.908051 
-0.300378 -0.291919 -0.908051 
-0.303517 -0.288654 -0.908051 
-0.306621 -0.285355 -0.908051 
-0.309689 -0.282022 -0.908051 
-0.312721 -0.278657 -0.908051 
-0.315716 -0.275258 -0.908051 
-0.318675 -0.271827 -0.908051 
-0.321596 -0.268365 -0.908051 
-0.324480 -0.264870 -0.908051 
-0.327327 -0.261345 -0.908051 
-0.330135 -0.257788 -0.908051 
-0.332904 -0.254202 -0.908051 
-0.335635 -0.250585 -0.908051 
-0.338327 -0.246939 -0.908051 
-0.340979 -0.243264 -0.908051 
-0.343591 -0.239560 -0.908051 
-0.346164 -0.235827 -0.908051 
-0.348695 -0.232067 -0.908051 
-0.351187 -0.228280 -0.908051 
-0.353637 -0.224466 -0.908051 
-0.356046 -0.220625 -0.908051 
-0.358413 -0.216758 -0.908051 
-0.360738 -0.212865 -0.908051 
-0.363022 -0.208948 -0.908051 
-0.365262 -0.205005 -0.908051 
-0.367461 -0.201039 -0.908051 
-0.369616 -0.197048 -0.908051 
-0.371728 -0.193034 -0.908051 
-0.373796 -0.188998 -0.908051 
-0.375821 -0.184939 -0.908051 
-0.377802 -0.180858 -0.908051 
-0.379738 -0.176756 -0.908051 
-0.381630 -0.172633 -0.908051 
-0.383478 -0.168489 -0.908051 
-0.385280 -0.164325 -0.908051 
-0.387038 -0.160142 -0.908051 
-0.388750 -0.155940 -0.908051 
-0.390416 -0.151719 -0.908051 
-0.392037 -0.147481 -0.908051 
-0.393612 -0.143224 -0.908051 
-0.395141 -0.138951 -0.908051 
-0.396623 -0.134661 -0.908051 
-0.398059 -0.130355 -0.908051 
-0.399449 -0.126034 -0.908051 
-0.400791 -0.121698 -0.908051 
-0.402086 -0.117347 -0.908051 
-0.403335 -0.112982 -0.908051 
-0.404536 -0.108603 -0.908051 
-0.405689 -0.104212 -0.908051 
-0.406795 -0.099808 -0.908051 
-0.407853 -0.095392 -0.908051 
-0.408863 -0.090965 -0.908051 
-0.409825 -0.086527 -0.908051 
-0.410739 -0.082078 -0.908051 
-0.411605 -0.077620 -0.908051 
-0.412423 -0.073152 -0.908051 
-0.413192 -0.068676 -0.908051 
-0.413912 -0.064191 -0.908051 
-0.414584 -0.059698 -0.908051 
-0.415207 -0.055198 -0.908051 
-0.415781 -0.050692 -0.908051 
-0.416307 -0.046179 -0.908051 
-0.416783 -0.041661 -0.908051 
-0.417210 -0.037137 -0.908051 
-0.417589 -0.032609 -0.908051 
-0.417918 -0.028077 -0.908051 
-0.418198 -0.023542 -0.908051 
-0.418429 -0.019003 -0.908051 
-0.418610 -0.014462 -0.908051 
-0.418743 -0.009919 -0.908051 
-0.418826 -0.005375 -0.908051 
-0.418859 -0.000830 -0.908051 
-0.418844 0.003715 -0.908051 
-0.418779 0.008261 -0.908051 
-0.418664 0.012805 -0.908051 
-0.418501 0.017348 -0.908051 
-0.418288 0.021889 -0.908051 
-0.418025 0.026428 -0.908051 
-0.417714 0.030964 -0.908051 
-0.417353 0.035496 -0.908051 
-0.416943 0.040025 -0.908051 
-0.416484 0.044549 -0.908051 
-0.415976 0.049067 -0.908051 
-0.415419 0.053581 -0.908051 
-0.414813 0.058088 -0.908051 
-0.414158 0.062588 -0.908051 
-0.413454 0.067081 -0.908051 
-0.412701 0.071567 -0.908051 
-0.411899 0.076044 -0.908051 
-0.411049 0.080512 -0.908051 
-0.410151 0.084971 -0.908051 
-0.409204 0.089420 -0.908051 
-0.408209 0.093859 -0.908051 
-0.407165 0.098287 -0.908051 
-0.406074 0.102703 -0.908051 
-0.404934 0.107108 -0.908051 
-0.403747 0.111500 -0.908051 
-0.402512 0.115878 -0.908051 
-0.401230 0.120244 -0.908051 
-0.399900 0.124595 -0.908051 
-0.398523 0.128932 -0.908051 
-0.397098 0.133254 -0.908051 
-0.395627 0.137560 -0.908051 
-0.394110 0.141850 -0.908051 
-0.392545 0.146123 -0.908051 
-0.390934 0.150379 -0.908051 
-0.389278 0.154618 -0.908051 
-0.387575 0.158839 -0.908051 
-0.385826 0.163040 -0.908051 
-0.384031 0.167223 -0.908051 
-0.382192 0.171386 -0.908051 
-0.380307 0.175529 -0.908051 
-0.378377 0.179651 -0.908051 
-0.376402 0.183753 -0.908051 
-0.374383 0.187832 -0.908051 
-0.372320 0.191890 -0.908051 
-0.370212 0.195925 -0.908051 
-0.368061 0.199937 -0.908051 
-0.365867 0.203925 -0.908051 
-0.363629 0.207889 -0.908051 
-0.361348 0.211829 -0.908051 
-0.359024 0.215744 -0.908051 
-0.356658 0.219634 -0.908051 
-0.354249 0.223498 -0.908051 
-0.351799 0.227335 -0.908051 
-0.349307 0.231146 -0.908051 
-0.346774 0.234929 -0.908051 
-0.344200 0.238684 -0.908051 
-0.341585 0.242412 -0.908051 
-0.338929 0.246111 -0.908051 
-0.336234 0.249781 -0.908051 
-0.333499 0.253421 -0.908051 
-0.330724 0.257032 -0.908051 
-0.327910 0.260612 -0.908051 
-0.325058 0.264161 -0.908051 
-0.322167 0.267680 -0.908051 
-0.319238 0.271166 -0.908051 
-0.316271 0.274621 -0.908051 
-0.313266 0.278043 -0.908051 
-0.310225 0.281433 -0.908051 
-0.307147 0.284789 -0.908051 
-0.304032 0.288111 -0.908051 
-0.300882 0.291400 -0.908051 
-0.297696 0.294654 -0.908051 
-0.294475 0.297873 -0.908051 
-0.291219 0.301057 -0.908051 
-0.287928 0.304206 -0.908051 
-0.284603 0.307318 -0.908051 
-0.281245 0.310395 -0.908051 
-0.277854 0.313434 -0.908051 
-0.274429 0.316437 -0.908051 
-0.270973 0.319402 -0.908051 
-0.267484 0.322329 -0.908051 
-0.263963 0.325219 -0.908051 
-0.260411 0.328070 -0.908051 
-0.256829 0.330882 -0.908051 
-0.253216 0.333655 -0.908051 
