0.999999 0.000000 0.000000 0.000873 
0.996118 0.000000 0.000000 0.088025 
0.984655 0.000000 0.000000 0.174507 
0.965699 0.000000 0.000000 0.259662 
0.939393 0.000000 0.000000 0.342840 
0.905938 0.000000 0.000000 0.423409 
0.865588 0.000000 0.000000 0.500755 
0.818651 0.000000 0.000000 0.574291 
0.765483 0.000000 0.000000 0.643455 
0.706489 0.000000 0.000000 0.707723 
0.642119 0.000000 0.000000 0.766605 
0.572861 0.000000 0.000000 0.819652 
0.499244 0.000000 0.000000 0.866461 
0.421827 0.000000 0.000000 0.906676 
0.341200 0.000000 0.000000 0.939990 
0.257976 0.000000 0.000000 0.966151 
0.172789 0.000000 0.000000 0.984958 
0.086287 0.000000 0.000000 0.996270 
-0.000872 0.000000 0.000000 0.999999 
-0.088025 0.000000 0.000000 0.996118 
-0.174507 0.000000 0.000000 0.984656 
-0.259661 0.000000 0.000000 0.965699 
-0.342839 0.000000 0.000000 0.939394 
-0.423408 0.000000 0.000000 0.905939 
-0.500755 0.000000 0.000000 0.865589 
-0.574290 0.000000 0.000000 0.818651 
-0.643455 0.000000 0.000000 0.765483 
-0.707723 0.000000 0.000000 0.706490 
-0.766604 0.000000 0.000000 0.642119 
-0.819652 0.000000 0.000000 0.572862 
-0.866461 0.000000 0.000000 0.499244 
-0.906676 0.000000 0.000000 0.421828 
-0.939990 0.000000 0.000000 0.341201 
-0.966151 0.000000 0.000000 0.257977 
-0.984958 0.000000 0.000000 0.172789 
-0.996270 0.000000 0.000000 0.086287 
-0.999999 0.000000 0.000000 -0.000872 
-0.996118 0.000000 0.000000 -0.088024 
-0.984656 0.000000 0.000000 -0.174507 
-0.965699 0.000000 0.000000 -0.259661 
-0.939394 0.000000 0.000000 -0.342839 
-0.905939 0.000000 0.000000 -0.423408 
-0.865589 0.000000 0.000000 -0.500755 
-0.818651 0.000000 0.000000 -0.574290 
-0.765484 0.000000 0.000000 -0.643455 
-0.706490 0.000000 0.000000 -0.707723 
-0.642119 0.000000 0.000000 -0.766604 
-0.572862 0.000000 0.000000 -0.819651 
-0.499245 0.000000 0.000000 -0.866461 
-0.421828 0.000000 0.000000 -0.906675 
-0.341201 0.000000 0.000000 -0.939990 
-0.257977 0.000000 0.000000 -0.966151 
-0.172790 0.000000 0.000000 -0.984958 
-0.086288 0.000000 0.000000 -0.996270 
0.000871 0.000000 0.000000 -0.999999 
0.088024 0.000000 0.000000 -0.996118 
0.174506 0.000000 0.000000 -0.984656 
0.259661 0.000000 0.000000 -0.965700 
0.342839 0.000000 0.000000 -0.939394 
0.423408 0.000000 0.000000 -0.905939 
0.500754 0.000000 0.000000 -0.865589 
0.574290 0.000000 0.000000 -0.818652 
0.643455 0.000000 0.000000 -0.765484 
0.707722 0.000000 0.000000 -0.706490 
0.766604 0.000000 0.000000 -0.642120 
0.819651 0.000000 0.000000 -0.572862 
0.866460 0.000000 0.000000 -0.499245 
0.906675 0.000000 0.000000 -0.421828 
0.939990 0.000000 0.000000 -0.341201 
0.966151 0.000000 0.000000 -0.257977 
0.984958 0.000000 0.000000 -0.172790 
0.996270 0.000000 0.000000 -0.086288 
0.999999 0.000000 0.000000 0.000871 
0.996118 0.000000 0.000000 0.088023 
0.984656 0.000000 0.000000 0.174506 
0.965700 0.000000 0.000000 0.259660 
0.939394 0.000000 0.000000 0.342838 
0.905939 0.000000 0.000000 0.423407 
0.865589 0.000000 0.000000 0.500754 
0.818652 0.000000 0.000000 0.574289 
0.765484 0.000000 0.000000 0.643454 
0.706490 0.000000 0.000000 0.707722 
0.642120 0.000000 0.000000 0.766604 
0.572863 0.000000 0.000000 0.819651 
0.499245 0.000000 0.000000 0.866460 
0.421829 0.000000 0.000000 0.906675 
0.341202 0.000000 0.000000 0.939990 
0.257978 0.000000 0.000000 0.966150 
0.172791 0.000000 0.000000 0.984958 
0.086288 0.000000 0.000000 0.996270 
-0.000871 0.000000 0.000000 0.999999 
-0.088023 0.000000 0.000000 0.996118 
-0.174505 0.000000 0.000000 0.984656 
-0.259660 0.000000 0.000000 0.965700 
-0.342838 0.000000 0.000000 0.939394 
-0.423407 0.000000 0.000000 0.905939 
-0.500754 0.000000 0.000000 0.865589 
-0.574289 0.000000 0.000000 0.818652 
-0.643454 0.000000 0.000000 0.765484 
-0.707722 0.000000 0.000000 0.706491 
-0.766603 0.000000 0.000000 0.642120 
-0.819651 0.000000 0.000000 0.572863 
-0.866460 0.000000 0.000000 0.499246 
-0.906675 0.000000 0.000000 0.421829 
-0.939990 0.000000 0.000000 0.341202 
-0.966150 0.000000 0.000000 0.257978 
-0.984958 0.000000 0.000000 0.172791 
-0.996270 0.000000 0.000000 0.086289 
-0.999999 0.000000 0.000000 -0.000870 
-0.996118 0.000000 0.000000 -0.088023 
-0.984656 0.000000 0.000000 -0.174505 
-0.965700 0.000000 0.000000 -0.259659 
-0.939394 0.000000 0.000000 -0.342838 
-0.905939 0.000000 0.000000 -0.423407 
-0.865590 0.000000 0.000000 -0.500753 
-0.818652 0.000000 0.000000 -0.574289 
-0.765485 0.000000 0.000000 -0.643454 
-0.706491 0.000000 0.000000 -0.707721 
-0.642121 0.000000 0.000000 -0.766603 
-0.572863 0.000000 0.000000 -0.819650 
-0.499246 0.000000 0.000000 -0.866460 
-0.421829 0.000000 0.000000 -0.906675 
-0.341202 0.000000 0.000000 -0.939989 
-0.257979 0.000000 0.000000 -0.966150 
-0.172791 0.000000 0.000000 -0.984958 
-0.086289 0.000000 0.000000 -0.996270 
0.000870 0.000000 0.000000 -0.999999 
0.088022 0.000000 0.000000 -0.996118 
0.174505 0.000000 0.000000 -0.984656 
0.259659 0.000000 0.000000 -0.965700 
0.342837 0.000000 0.000000 -0.939394 
0.423406 0.000000 0.000000 -0.905940 
0.500753 0.000000 0.000000 -0.865590 
0.574288 0.000000 0.000000 -0.818653 
0.643453 0.000000 0.000000 -0.765485 
0.707721 0.000000 0.000000 -0.706491 
0.766603 0.000000 0.000000 -0.642121 
0.819650 0.000000 0.000000 -0.572864 
0.866460 0.000000 0.000000 -0.499247 
0.906675 0.000000 0.000000 -0.421830 
0.939989 0.000000 0.000000 -0.341203 
0.966150 0.000000 0.000000 -0.257979 
0.984958 0.000000 0.000000 -0.172792 
0.996270 0.000000 0.000000 -0.086289 
0.999999 0.000000 0.000000 0.000869 
0.996118 0.000000 0.000000 0.088022 
0.984656 0.000000 0.000000 0.174504 
0.965700 0.000000 0.000000 0.259659 
0.939395 0.000000 0.000000 0.342837 
0.905940 0.000000 0.000000 0.423406 
0.865590 0.000000 0.000000 0.500752 
0.818653 0.000000 0.000000 0.574288 
0.765485 0.000000 0.000000 0.643453 
0.706492 0.000000 0.000000 0.707721 
0.642121 0.000000 0.000000 0.766603 
0.572864 0.000000 0.000000 0.819650 
0.499247 0.000000 0.000000 0.866459 
0.421830 0.000000 0.000000 0.906674 
0.341203 0.000000 0.000000 0.939989 
0.257979 0.000000 0.000000 0.966150 
0.172792 0.000000 0.000000 0.984958 
0.086290 0.000000 0.000000 0.996270 
-0.000869 0.000000 0.000000 0.999999 
-0.088021 0.000000 0.000000 0.996118 
-0.174504 0.000000 0.000000 0.984656 
-0.259658 0.000000 0.000000 0.965700 
-0.342836 0.000000 0.000000 0.939395 
-0.423405 0.000000 0.000000 0.905940 
-0.500752 0.000000 0.000000 0.865590 
-0.574288 0.000000 0.000000 0.818653 
-0.643453 0.000000 0.000000 0.765485 
-0.707721 0.000000 0.000000 0.706492 
-0.766602 0.000000 0.000000 0.642122 
-0.819650 0.000000 0.000000 0.572864 
-0.866459 0.000000 0.000000 0.499247 
-0.906674 0.000000 0.000000 0.421831 
-0.939989 0.000000 0.000000 0.341204 
-0.966150 0.000000 0.000000 0.257980 
-0.984958 0.000000 0.000000 0.172793 
-0.996270 0.000000 0.000000 0.086290 
-0.999999 0.000000 0.000000 -0.000869 
-0.996118 0.000000 0.000000 -0.088021 
-0.984656 0.000000 0.000000 -0.174503 
-0.965700 0.000000 0.000000 -0.259658 
-0.939395 0.000000 0.000000 -0.342836 
-0.905940 0.000000 0.000000 -0.423405 
-0.865590 0.000000 0.000000 -0.500752 
-0.818653 0.000000 0.000000 -0.574287 
-0.765486 0.000000 0.000000 -0.643452 
-0.706492 0.000000 0.000000 -0.707720 
-0.642122 0.000000 0.000000 -0.766602 
-0.572865 0.000000 0.000000 -0.819650 
-0.499248 0.000000 0.000000 -0.866459 
-0.421831 0.000000 0.000000 -0.906674 
-0.341204 0.000000 0.000000 -0.939989 
-0.257980 0.000000 0.000000 -0.966150 
-0.172793 0.000000 0.000000 -0.984958 
-0.086291 0.000000 0.000000 -0.996270 
0.000868 0.000000 0.000000 -0.999999 
0.088021 0.000000 0.000000 -0.996118 
0.174503 0.000000 0.000000 -0.984656 
0.259657 0.000000 0.000000 -0.965700 
0.342836 0.000000 0.000000 -0.939395 
0.423405 0.000000 0.000000 -0.905940 
0.500751 0.000000 0.000000 -0.865591 
0.574287 0.000000 0.000000 -0.818653 
0.643452 0.000000 0.000000 -0.765486 
0.707720 0.000000 0.000000 -0.706492 
0.766602 0.000000 0.000000 -0.642122 
0.819649 0.000000 0.000000 -0.572865 
0.866459 0.000000 0.000000 -0.499248 
0.906674 0.000000 0.000000 -0.421831 
0.939989 0.000000 0.000000 -0.341204 
0.966150 0.000000 0.000000 -0.257980 
0.984958 0.000000 0.000000 -0.172793 
0.996270 0.000000 0.000000 -0.086291 
0.999999 0.000000 0.000000 0.000868 
0.996118 0.000000 0.000000 0.088020 
0.984656 0.000000 0.000000 0.174503 
0.965700 0.000000 0.000000 0.259657 
0.939395 0.000000 0.000000 0.342835 
0.905940 0.000000 0.000000 0.423404 
0.865591 0.000000 0.000000 0.500751 
0.818654 0.000000 0.000000 0.574287 
0.765486 0.000000 0.000000 0.643452 
0.706493 0.000000 0.000000 0.707720 
0.642122 0.000000 0.000000 0.766602 
0.572865 0.000000 0.000000 0.819649 
0.499248 0.000000 0.000000 0.866459 
0.421832 0.000000 0.000000 0.906674 
0.341205 0.000000 0.000000 0.939989 
0.257981 0.000000 0.000000 0.966150 
0.172794 0.000000 0.000000 0.984958 
0.086291 0.000000 0.000000 0.996270 
-0.000867 0.000000 0.000000 0.999999 
-0.088020 0.000000 0.000000 0.996118 
-0.174502 0.000000 0.000000 0.984656 
-0.259657 0.000000 0.000000 0.965701 
-0.342835 0.000000 0.000000 0.939395 
-0.423404 0.000000 0.000000 0.905941 
-0.500751 0.000000 0.000000 0.865591 
-0.574286 0.000000 0.000000 0.818654 
-0.643452 0.000000 0.000000 0.765486 
-0.707720 0.000000 0.000000 0.706493 
-0.766601 0.000000 0.000000 0.642123 
-0.819649 0.000000 0.000000 0.572866 
-0.866458 0.000000 0.000000 0.499249 
-0.906674 0.000000 0.000000 0.421832 
-0.939988 0.000000 0.000000 0.341205 
-0.966150 0.000000 0.000000 0.257981 
-0.984958 0.000000 0.000000 0.172794 
-0.996270 0.000000 0.000000 0.086292 
-0.999999 0.000000 0.000000 -0.000867 
-0.996118 0.000000 0.000000 -0.088019 
-0.984656 0.000000 0.000000 -0.174502 
-0.965701 0.000000 0.000000 -0.259656 
-0.939395 0.000000 0.000000 -0.342835 
-0.905941 0.000000 0.000000 -0.423404 
-0.865591 0.000000 0.000000 -0.500750 
-0.818654 0.000000 0.000000 -0.574286 
-0.765487 0.000000 0.000000 -0.643451 
-0.706493 0.000000 0.000000 -0.707719 
-0.642123 0.000000 0.000000 -0.766601 
-0.572866 0.000000 0.000000 -0.819649 
-0.499249 0.000000 0.000000 -0.866458 
-0.421832 0.000000 0.000000 -0.906673 
-0.341205 0.000000 0.000000 -0.939988 
-0.257982 0.000000 0.000000 -0.966149 
-0.172794 0.000000 0.000000 -0.984958 
-0.086292 0.000000 0.000000 -0.996269 
0.000867 0.000000 0.000000 -0.999999 
0.088019 0.000000 0.000000 -0.996118 
0.174502 0.000000 0.000000 -0.984657 
0.259656 0.000000 0.000000 -0.965701 
0.342834 0.000000 0.000000 -0.939396 
0.423403 0.000000 0.000000 -0.905941 
0.500750 0.000000 0.000000 -0.865591 
0.574286 0.000000 0.000000 -0.818654 
0.643451 0.000000 0.000000 -0.765487 
0.707719 0.000000 0.000000 -0.706494 
0.766601 0.000000 0.000000 -0.642123 
0.819648 0.000000 0.000000 -0.572866 
0.866458 0.000000 0.000000 -0.499249 
0.906673 0.000000 0.000000 -0.421833 
0.939988 0.000000 0.000000 -0.341206 
0.966149 0.000000 0.000000 -0.257982 
0.984957 0.000000 0.000000 -0.172795 
0.996269 0.000000 0.000000 -0.086293 
0.999999 0.000000 0.000000 0.000866 
0.996118 0.000000 0.000000 0.088019 
0.984657 0.000000 0.000000 0.174501 
0.965701 0.000000 0.000000 0.259656 
0.939396 0.000000 0.000000 0.342834 
0.905941 0.000000 0.000000 0.423403 
0.865592 0.000000 0.000000 0.500750 
0.818655 0.000000 0.000000 0.574285 
0.765487 0.000000 0.000000 0.643451 
0.706494 0.000000 0.000000 0.707719 
0.642124 0.000000 0.000000 0.766601 
0.572867 0.000000 0.000000 0.819648 
0.499250 0.000000 0.000000 0.866458 
0.421833 0.000000 0.000000 0.906673 
0.341206 0.000000 0.000000 0.939988 
0.257982 0.000000 0.000000 0.966149 
0.172795 0.000000 0.000000 0.984957 
0.086293 0.000000 0.000000 0.996269 
-0.000866 0.000000 0.000000 0.999999 
-0.088018 0.000000 0.000000 0.996118 
-0.174501 0.000000 0.000000 0.984657 
-0.259655 0.000000 0.000000 0.965701 
-0.342833 0.000000 0.000000 0.939396 
-0.423403 0.000000 0.000000 0.905941 
-0.500749 0.000000 0.000000 0.865592 
-0.574285 0.000000 0.000000 0.818655 
-0.643450 0.000000 0.000000 0.765487 
-0.707718 0.000000 0.000000 0.706494 
-0.766600 0.000000 0.000000 0.642124 
-0.819648 0.000000 0.000000 0.572867 
-0.866458 0.000000 0.000000 0.499250 
-0.906673 0.000000 0.000000 0.421833 
-0.939988 0.000000 0.000000 0.341207 
-0.966149 0.000000 0.000000 0.257983 
-0.984957 0.000000 0.000000 0.172796 
-0.996269 0.000000 0.000000 0.086293 
-0.999999 0.000000 0.000000 -0.000865 
-0.996119 0.000000 0.000000 -0.088018 
-0.984657 0.000000 0.000000 -0.174500 
-0.965701 0.000000 0.000000 -0.259655 
-0.939396 0.000000 0.000000 -0.342833 
-0.905941 0.000000 0.000000 -0.423402 
-0.865592 0.000000 0.000000 -0.500749 
-0.818655 0.000000 0.000000 -0.574285 
-0.765488 0.000000 0.000000 -0.643450 
-0.706494 0.000000 0.000000 -0.707718 
-0.642124 0.000000 0.000000 -0.766600 
-0.572867 0.000000 0.000000 -0.819648 
-0.499250 0.000000 0.000000 -0.866457 
-0.421834 0.000000 0.000000 -0.906673 
-0.341207 0.000000 0.000000 -0.939988 
-0.257983 0.000000 0.000000 -0.966149 
-0.172796 0.000000 0.000000 -0.984957 
-0.086294 0.000000 0.000000 -0.996269 
0.000865 0.000000 0.000000 -0.999999 
0.088017 0.000000 0.000000 -0.996119 
0.174500 0.000000 0.000000 -0.984657 
0.259654 0.000000 0.000000 -0.965701 
0.342833 0.000000 0.000000 -0.939396 
0.423402 0.000000 0.000000 -0.905942 
0.500749 0.000000 0.000000 -0.865592 
0.574285 0.000000 0.000000 -0.818655 
0.643450 0.000000 0.000000 -0.765488 
0.707718 0.000000 0.000000 -0.706495 
0.766600 0.000000 0.000000 -0.642125 
0.819647 0.000000 0.000000 -0.572868 
0.866457 0.000000 0.000000 -0.499251 
0.906673 0.000000 0.000000 -0.421834 
0.939988 0.000000 0.000000 -0.341207 
0.966149 0.000000 0.000000 -0.257984 
0.984957 0.000000 0.000000 -0.172796 
0.996269 0.000000 0.000000 -0.086294 
0.999999 0.000000 0.000000 0.000865 
0.996119 0.000000 0.000000 0.088017 
0.984657 0.000000 0.000000 0.174500 
0.965701 0.000000 0.000000 0.259654 
0.939396 0.000000 0.000000 0.342832 
0.905942 0.000000 0.000000 0.423402 
0.865592 0.000000 0.000000 0.500748 
0.818656 0.000000 0.000000 0.574284 
0.765488 0.000000 0.000000 0.643449 
0.706495 0.000000 0.000000 0.707718 
0.642125 0.000000 0.000000 0.766600 
0.572868 0.000000 0.000000 0.819647 
0.499251 0.000000 0.000000 0.866457 
0.421835 0.000000 0.000000 0.906672 
0.341208 0.000000 0.000000 0.939988 
0.257984 0.000000 0.000000 0.966149 
0.172797 0.000000 0.000000 0.984957 
0.086295 0.000000 0.000000 0.996269 
-0.000864 0.000000 0.000000 0.999999 
-0.088017 0.000000 0.000000 0.996119 
-0.174499 0.000000 0.000000 0.984657 
-0.259654 0.000000 0.000000 0.965701 
-0.342832 0.000000 0.000000 0.939396 
-0.423401 0.000000 0.000000 0.905942 
-0.500748 0.000000 0.000000 0.865593 
-0.574284 0.000000 0.000000 0.818656 
-0.643449 0.000000 0.000000 0.765488 
-0.707717 0.000000 0.000000 0.706495 
-0.766599 0.000000 0.000000 0.642125 
-0.819647 0.000000 0.000000 0.572868 
-0.866457 0.000000 0.000000 0.499251 
-0.906672 0.000000 0.000000 0.421835 
-0.939987 0.000000 0.000000 0.341208 
-0.966149 0.000000 0.000000 0.257984 
-0.984957 0.000000 0.000000 0.172797 
-0.996269 0.000000 0.000000 0.086295 
-0.999999 0.000000 0.000000 -0.000864 
-0.996119 0.000000 0.000000 -0.088016 
-0.984657 0.000000 0.000000 -0.174499 
-0.965702 0.000000 0.000000 -0.259653 
-0.939396 0.000000 0.000000 -0.342832 
-0.905942 0.000000 0.000000 -0.423401 
-0.865593 0.000000 0.000000 -0.500748 
-0.818656 0.000000 0.000000 -0.574284 
-0.765489 0.000000 0.000000 -0.643449 
-0.706496 0.000000 0.000000 -0.707717 
-0.642126 0.000000 0.000000 -0.766599 
-0.572869 0.000000 0.000000 -0.819647 
-0.499252 0.000000 0.000000 -0.866457 
-0.421835 0.000000 0.000000 -0.906672 
-0.341208 0.000000 0.000000 -0.939987 
-0.257985 0.000000 0.000000 -0.966149 
-0.172798 0.000000 0.000000 -0.984957 
-0.086295 0.000000 0.000000 -0.996269 
0.000863 0.000000 0.000000 -0.999999 
0.088016 0.000000 0.000000 -0.996119 
0.174498 0.000000 0.000000 -0.984657 
0.259653 0.000000 0.000000 -0.965702 
0.342831 0.000000 0.000000 -0.939397 
0.423400 0.000000 0.000000 -0.905942 
0.500747 0.000000 0.000000 -0.865593 
0.574283 0.000000 0.000000 -0.818656 
0.643448 0.000000 0.000000 -0.765489 
0.707717 0.000000 0.000000 -0.706496 
0.766599 0.000000 0.000000 -0.642126 
0.819647 0.000000 0.000000 -0.572869 
0.866456 0.000000 0.000000 -0.499252 
0.906672 0.000000 0.000000 -0.421836 
0.939987 0.000000 0.000000 -0.341209 
0.966149 0.000000 0.000000 -0.257985 
0.984957 0.000000 0.000000 -0.172798 
0.996269 0.000000 0.000000 -0.086296 
0.999999 0.000000 0.000000 0.000863 
0.996119 0.000000 0.000000 0.088015 
0.984657 0.000000 0.000000 0.174498 
0.965702 0.000000 0.000000 0.259652 
0.939397 0.000000 0.000000 0.342831 
0.905942 0.000000 0.000000 0.423400 
0.865593 0.000000 0.000000 0.500747 
0.818656 0.000000 0.000000 0.574283 
0.765489 0.000000 0.000000 0.643448 
0.706496 0.000000 0.000000 0.707716 
0.642126 0.000000 0.000000 0.766599 
0.572869 0.000000 0.000000 0.819646 
0.499252 0.000000 0.000000 0.866456 
0.421836 0.000000 0.000000 0.906672 
0.341209 0.000000 0.000000 0.939987 
0.257985 0.000000 0.000000 0.966148 
0.172798 0.000000 0.000000 0.984957 
0.086296 0.000000 0.000000 0.996269 
-0.000863 0.000000 0.000000 0.999999 
-0.088015 0.000000 0.000000 0.996119 
-0.174498 0.000000 0.000000 0.984657 
-0.259652 0.000000 0.000000 0.965702 
-0.342830 0.000000 0.000000 0.939397 
-0.423400 0.000000 0.000000 0.905943 
-0.500747 0.000000 0.000000 0.865593 
-0.574283 0.000000 0.000000 0.818657 
-0.643448 0.000000 0.000000 0.765489 
-0.707716 0.000000 0.000000 0.706496 
-0.766598 0.000000 0.000000 0.642126 
-0.819646 0.000000 0.000000 0.572870 
-0.866456 0.000000 0.000000 0.499253 
-0.906672 0.000000 0.000000 0.421836 
-0.939987 0.000000 0.000000 0.341210 
-0.966148 0.000000 0.000000 0.257986 
-0.984957 0.000000 0.000000 0.172799 
-0.996269 0.000000 0.000000 0.086297 
-0.999999 0.000000 0.000000 -0.000862 
-0.996119 0.000000 0.000000 -0.088015 
-0.984657 0.000000 0.000000 -0.174497 
-0.965702 0.000000 0.000000 -0.259652 
-0.939397 0.000000 0.000000 -0.342830 
-0.905943 0.000000 0.000000 -0.423399 
-0.865594 0.000000 0.000000 -0.500746 
-0.818657 0.000000 0.000000 -0.574282 
-0.765490 0.000000 0.000000 -0.643448 
-0.706497 0.000000 0.000000 -0.707716 
-0.642127 0.000000 0.000000 -0.766598 
-0.572870 0.000000 0.000000 -0.819646 
-0.499253 0.000000 0.000000 -0.866456 
-0.421837 0.000000 0.000000 -0.906671 
-0.341210 0.000000 0.000000 -0.939987 
-0.257986 0.000000 0.000000 -0.966148 
-0.172799 0.000000 0.000000 -0.984957 
-0.086297 0.000000 0.000000 -0.996269 
0.000862 0.000000 0.000000 -0.999999 
0.088014 0.000000 0.000000 -0.996119 
0.174497 0.000000 0.000000 -0.984657 
0.259651 0.000000 0.000000 -0.965702 
0.342830 0.000000 0.000000 -0.939397 
0.423399 0.000000 0.000000 -0.905943 
0.500746 0.000000 0.000000 -0.865594 
0.574282 0.000000 0.000000 -0.818657 
0.643447 0.000000 0.000000 -0.765490 
0.707716 0.000000 0.000000 -0.706497 
0.766598 0.000000 0.000000 -0.642127 
0.819646 0.000000 0.000000 -0.572870 
0.866456 0.000000 0.000000 -0.499253 
0.906671 0.000000 0.000000 -0.421837 
0.939987 0.000000 0.000000 -0.341210 
0.966148 0.000000 0.000000 -0.257987 
0.984957 0.000000 0.000000 -0.172800 
0.996269 0.000000 0.000000 -0.086297 
0.999999 0.000000 0.000000 0.000861 
0.996119 0.000000 0.000000 0.088014 
0.984657 0.000000 0.000000 0.174496 
0.965702 0.000000 0.000000 0.259651 
0.939397 0.000000 0.000000 0.342829 
0.905943 0.000000 0.000000 0.423399 
0.865594 0.000000 0.000000 0.500746 
0.818657 0.000000 0.000000 0.574282 
0.765490 0.000000 0.000000 0.643447 
0.706497 0.000000 0.000000 0.707715 
0.642127 0.000000 0.000000 0.766597 
0.572871 0.000000 0.000000 0.819645 
0.499254 0.000000 0.000000 0.866455 
0.421837 0.000000 0.000000 0.906671 
0.341211 0.000000 0.000000 0.939986 
0.257987 0.000000 0.000000 0.966148 
0.172800 0.000000 0.000000 0.984957 
0.086298 0.000000 0.000000 0.996269 
-0.000861 0.000000 0.000000 0.999999 
-0.088013 0.000000 0.000000 0.996119 
-0.174496 0.000000 0.000000 0.984657 
-0.259651 0.000000 0.000000 0.965702 
-0.342829 0.000000 0.000000 0.939397 
-0.423398 0.000000 0.000000 0.905943 
-0.500745 0.000000 0.000000 0.865594 
-0.574281 0.000000 0.000000 0.818658 
-0.643447 0.000000 0.000000 0.765490 
-0.707715 0.000000 0.000000 0.706498 
-0.766597 0.000000 0.000000 0.642128 
-0.819645 0.000000 0.000000 0.572871 
-0.866455 0.000000 0.000000 0.499254 
-0.906671 0.000000 0.000000 0.421838 
-0.939986 0.000000 0.000000 0.341211 
-0.966148 0.000000 0.000000 0.257987 
-0.984956 0.000000 0.000000 0.172800 
-0.996269 0.000000 0.000000 0.086298 
-0.999999 0.000000 0.000000 -0.000861 
-0.996119 0.000000 0.000000 -0.088013 
-0.984658 0.000000 0.000000 -0.174496 
-0.965702 0.000000 0.000000 -0.259650 
-0.939398 0.000000 0.000000 -0.342829 
-0.905943 0.000000 0.000000 -0.423398 
-0.865594 0.000000 0.000000 -0.500745 
-0.818658 0.000000 0.000000 -0.574281 
-0.765491 0.000000 0.000000 -0.643446 
-0.706498 0.000000 0.000000 -0.707715 
-0.642128 0.000000 0.000000 -0.766597 
-0.572871 0.000000 0.000000 -0.819645 
-0.499254 0.000000 0.000000 -0.866455 
-0.421838 0.000000 0.000000 -0.906671 
-0.341211 0.000000 0.000000 -0.939986 
-0.257988 0.000000 0.000000 -0.966148 
-0.172801 0.000000 0.000000 -0.984956 
-0.086299 0.000000 0.000000 -0.996269 
0.000860 0.000000 0.000000 -0.999999 
0.088013 0.000000 0.000000 -0.996119 
0.174495 0.000000 0.000000 -0.984658 
0.259650 0.000000 0.000000 -0.965702 
0.342828 0.000000 0.000000 -0.939398 
0.423398 0.000000 0.000000 -0.905944 
0.500745 0.000000 0.000000 -0.865595 
0.574281 0.000000 0.000000 -0.818658 
0.643446 0.000000 0.000000 -0.765491 
0.707714 0.000000 0.000000 -0.706498 
0.766597 0.000000 0.000000 -0.642128 
0.819645 0.000000 0.000000 -0.572871 
0.866455 0.000000 0.000000 -0.499255 
0.906671 0.000000 0.000000 -0.421839 
0.939986 0.000000 0.000000 -0.341212 
0.966148 0.000000 0.000000 -0.257988 
0.984956 0.000000 0.000000 -0.172801 
0.996269 0.000000 0.000000 -0.086299 
0.999999 0.000000 0.000000 0.000860 
0.996119 0.000000 0.000000 0.088012 
0.984658 0.000000 0.000000 0.174495 
0.965703 0.000000 0.000000 0.259649 
0.939398 0.000000 0.000000 0.342828 
